NACA 23017 Airfoil cl=0.30 T=17.0% P=15.0%
  1.000039  0.001785
  0.998505  0.002125
  0.993910  0.003139
  0.986284  0.004812
  0.975673  0.007116
  0.962142  0.010015
  0.945774  0.013466
  0.926669  0.017418
  0.904944  0.021816
  0.880732  0.026601
  0.854182  0.031712
  0.825458  0.037086
  0.794734  0.042658
  0.762201  0.048362
  0.728058  0.054131
  0.692514  0.059895
  0.655788  0.065582
  0.618106  0.071118
  0.579699  0.076424
  0.540803  0.081420
  0.501656  0.086022
  0.462498  0.090147
  0.423570  0.093709
  0.385110  0.096629
  0.347355  0.098831
  0.310535  0.100247
  0.274877  0.100819
  0.240599  0.100504
  0.207913  0.099274
  0.176552  0.097070
  0.146222  0.093582
  0.117504  0.088523
  0.090983  0.081796
  0.067201  0.073498
  0.046614  0.063888
  0.029554  0.053340
  0.016223  0.042280
  0.006687  0.031122
  0.000904  0.020212
 -0.001259  0.009797
  0.000000  0.000000
  0.004342 -0.008864
  0.011407 -0.016577
  0.020943 -0.023295
  0.032721 -0.029205
  0.046566 -0.034504
  0.062380 -0.039371
  0.080158 -0.043955
  0.100000 -0.048364
  0.122090 -0.052655
  0.146671 -0.056820
  0.174000 -0.060752
  0.204302 -0.064210
  0.236902 -0.066882
  0.271133 -0.068709
  0.306782 -0.069712
  0.343628 -0.069923
  0.381444 -0.069390
  0.419995 -0.068171
  0.459043 -0.066330
  0.498344 -0.063938
  0.537656 -0.061069
  0.576735 -0.057795
  0.615339 -0.054189
  0.653229 -0.050322
  0.690170 -0.046262
  0.725933 -0.042073
  0.760298 -0.037817
  0.793051 -0.033555
  0.823990 -0.029345
  0.852924 -0.025244
  0.879674 -0.021310
  0.904073 -0.017598
  0.925971 -0.014164
  0.945232 -0.011059
  0.961737 -0.008334
  0.975383 -0.006035
  0.986085 -0.004202
  0.993778 -0.002867
  0.998412 -0.002057
  0.999961 -0.001785