NACA 23015 Airfoil cl=0.30 T=15.5% P=15.0%
  1.000036  0.001627
  0.998501  0.001940
  0.993905  0.002874
  0.986276  0.004414
  0.975661  0.006536
  0.962124  0.009205
  0.945750  0.012384
  0.926638  0.016025
  0.904905  0.020077
  0.880685  0.024488
  0.854127  0.029200
  0.825393  0.034155
  0.794660  0.039296
  0.762117  0.044560
  0.727964  0.049886
  0.692410  0.055211
  0.655675  0.060469
  0.617984  0.065590
  0.579569  0.070503
  0.540664  0.075134
  0.501510  0.079406
  0.462346  0.083243
  0.423413  0.086568
  0.384949  0.089305
  0.347190  0.091386
  0.310369  0.092748
  0.274712  0.093340
  0.240436  0.093120
  0.207753  0.092061
  0.176439  0.090108
  0.146242  0.086947
  0.117706  0.082294
  0.091381  0.076054
  0.067773  0.068316
  0.047309  0.059332
  0.030305  0.049464
  0.016951  0.039126
  0.007316  0.028721
  0.001368  0.018589
 -0.001012  0.008974
  0.000000  0.000000
  0.004095 -0.008041
  0.010944 -0.014954
  0.020314 -0.020894
  0.031993 -0.026052
  0.045816 -0.030629
  0.061684 -0.034815
  0.079587 -0.038773
  0.099602 -0.042621
  0.121888 -0.046427
  0.146651 -0.050184
  0.174113 -0.053789
  0.204461 -0.056997
  0.237066 -0.059497
  0.271298 -0.061230
  0.306947 -0.062213
  0.343793 -0.062478
  0.381606 -0.062066
  0.420153 -0.061029
  0.459195 -0.059427
  0.498490 -0.057323
  0.537795 -0.054783
  0.576866 -0.051874
  0.615461 -0.048661
  0.653342 -0.045209
  0.690273 -0.041579
  0.726027 -0.037828
  0.760382 -0.034015
  0.793125 -0.030192
  0.824055 -0.026414
  0.852980 -0.022731
  0.879721 -0.019196
  0.904112 -0.015859
  0.926002 -0.012770
  0.945256 -0.009977
  0.961755 -0.007524
  0.975396 -0.005455
  0.986094 -0.003804
  0.993784 -0.002602
  0.998417 -0.001872
  0.999964 -0.001627